lgstc_mushrooms-column-scaling-regularizor-1e+00-demo_SPIN stepsize_multiplier 
SPIN-11-gauss-0.1 : 2^ 0.4794664201335618
SPIN-20-prev-0.1 : 2^ 0.4794664201335618
