lgstc_mushrooms-column-scaling-regularizor-1e-01-demo_SPIN stepsize_multiplier 
SPIN-5-prev-0.05 : 2^ -6.795859283219775
SPIN-11-prev-0.05 : 2^ -6.795859283219775
SPIN-5-prev-0.0 : 2^ -6.795859283219775
SPIN-5-gauss-0.1 : 2^ -6.795859283219775
