lgstc_madelon-column-scaling-regularizor-1e-01-demo_SPIN stepsize_multiplier 
SPIN-7-prev-0.01 : 2^ -6.643856189774724
SPIN-23-prev-0.05 : 2^ -6.643856189774724
SPIN-7-prev-0.0 : 2^ -6.643856189774724
SPIN-7-gauss-0.1 : 2^ -6.643856189774724
